1 1 4
1 6 24
1 11 44
1 16 64
1 21 84
1 26 104
1 31 124
1 36 144
1 41 164
1 46 184
1 51 204
1 56 224
1 61 244
1 66 264
1 71 284
1 76 304
1 81 324
1 86 344
1 91 364
1 96 384
6 1 24
6 6 144
6 11 264
6 16 384
6 21 504
6 26 624
6 31 744
6 36 864
6 41 984
6 46 1104
6 51 1224
6 56 1344
6 61 1464
6 66 1584
6 71 1704
6 76 1824
6 81 1944
6 86 2064
6 91 2184
6 96 2304
11 1 44
11 6 264
11 11 484
11 16 704
11 21 924
11 26 1144
11 31 1364
11 36 1584
11 41 1804
11 46 2024
11 51 2244
11 56 2464
11 61 2684
11 66 2904
11 71 3124
11 76 3344
11 81 3564
11 86 3784
11 91 4004
11 96 4224
16 1 64
16 6 384
16 11 704
16 16 1024
16 21 1344
16 26 1664
16 31 1984
16 36 2304
16 41 2624
16 46 2944
16 51 3264
16 56 3584
16 61 3904
16 66 4224
16 71 4544
16 76 4864
16 81 5184
16 86 5504
16 91 5824
16 96 6144
21 1 84
21 6 504
21 11 924
21 16 1344
21 21 1764
21 26 2184
21 31 2604
21 36 3024
21 41 3444
21 46 3864
21 51 4284
21 56 4704
21 61 5124
21 66 5544
21 71 5964
21 76 6384
21 81 6804
21 86 7224
21 91 7644
21 96 8064
26 1 104
26 6 624
26 11 1144
26 16 1664
26 21 2184
26 26 2704
26 31 3224
26 36 3744
26 41 4264
26 46 4784
26 51 5304
26 56 5824
26 61 6344
26 66 6864
26 71 7384
26 76 7904
26 81 8424
26 86 8944
26 91 9464
26 96 9984
31 1 124
31 6 744
31 11 1364
31 16 1984
31 21 2604
31 26 3224
31 31 3844
31 36 4464
31 41 5084
31 46 5704
31 51 6324
31 56 6944
31 61 7564
31 66 8184
31 71 8804
31 76 9424
31 81 10044
31 86 10664
31 91 11284
31 96 11904
36 1 144
36 6 864
36 11 1584
36 16 2304
36 21 3024
36 26 3744
36 31 4464
36 36 5184
36 41 5904
36 46 6624
36 51 7344
36 56 8064
36 61 8784
36 66 9504
36 71 10224
36 76 10944
36 81 11664
36 86 12384
36 91 13104
36 96 13824
41 1 164
41 6 984
41 11 1804
41 16 2624
41 21 3444
41 26 4264
41 31 5084
41 36 5904
41 41 6724
41 46 7544
41 51 8364
41 56 9184
41 61 10004
41 66 10824
41 71 11644
41 76 12464
41 81 13284
41 86 14104
41 91 14924
41 96 15744
46 1 184
46 6 1104
46 11 2024
46 16 2944
46 21 3864
46 26 4784
46 31 5704
46 36 6624
46 41 7544
46 46 8464
46 51 9384
46 56 10304
46 61 11224
46 66 12144
46 71 13064
46 76 13984
46 81 14904
46 86 15824
46 91 16744
46 96 17664
51 1 204
51 6 1224
51 11 2244
51 16 3264
51 21 4284
51 26 5304
51 31 6324
51 36 7344
51 41 8364
51 46 9384
51 51 10404
51 56 11424
51 61 12444
51 66 13464
51 71 14484
51 76 15504
51 81 16524
51 86 17544
51 91 18564
51 96 19584
56 1 224
56 6 1344
56 11 2464
56 16 3584
56 21 4704
56 26 5824
56 31 6944
56 36 8064
56 41 9184
56 46 10304
56 51 11424
56 56 12544
56 61 13664
56 66 14784
56 71 15904
56 76 17024
56 81 18144
56 86 19264
56 91 20384
56 96 21504
61 1 244
61 6 1464
61 11 2684
61 16 3904
61 21 5124
61 26 6344
61 31 7564
61 36 8784
61 41 10004
61 46 11224
61 51 12444
61 56 13664
61 61 14884
61 66 16104
61 71 17324
61 76 18544
61 81 19764
61 86 20984
61 91 22204
61 96 23424
66 1 264
66 6 1584
66 11 2904
66 16 4224
66 21 5544
66 26 6864
66 31 8184
66 36 9504
66 41 10824
66 46 12144
66 51 13464
66 56 14784
66 61 16104
66 66 17424
66 71 18744
66 76 20064
66 81 21384
66 86 22704
66 91 24024
66 96 25344
71 1 284
71 6 1704
71 11 3124
71 16 4544
71 21 5964
71 26 7384
71 31 8804
71 36 10224
71 41 11644
71 46 13064
71 51 14484
71 56 15904
71 61 17324
71 66 18744
71 71 20164
71 76 21584
71 81 23004
71 86 24424
71 91 25844
71 96 27264
76 1 304
76 6 1824
76 11 3344
76 16 4864
76 21 6384
76 26 7904
76 31 9424
76 36 10944
76 41 12464
76 46 13984
76 51 15504
76 56 17024
76 61 18544
76 66 20064
76 71 21584
76 76 23104
76 81 24624
76 86 26144
76 91 27664
76 96 29184
81 1 324
81 6 1944
81 11 3564
81 16 5184
81 21 6804
81 26 8424
81 31 10044
81 36 11664
81 41 13284
81 46 14904
81 51 16524
81 56 18144
81 61 19764
81 66 21384
81 71 23004
81 76 24624
81 81 26244
81 86 27864
81 91 29484
81 96 31104
86 1 344
86 6 2064
86 11 3784
86 16 5504
86 21 7224
86 26 8944
86 31 10664
86 36 12384
86 41 14104
86 46 15824
86 51 17544
86 56 19264
86 61 20984
86 66 22704
86 71 24424
86 76 26144
86 81 27864
86 86 29584
86 91 31304
86 96 33024
91 1 364
91 6 2184
91 11 4004
91 16 5824
91 21 7644
91 26 9464
91 31 11284
91 36 13104
91 41 14924
91 46 16744
91 51 18564
91 56 20384
91 61 22204
91 66 24024
91 71 25844
91 76 27664
91 81 29484
91 86 31304
91 91 33124
91 96 34944
96 1 384
96 6 2304
96 11 4224
96 16 6144
96 21 8064
96 26 9984
96 31 11904
96 36 13824
96 41 15744
96 46 17664
96 51 19584
96 56 21504
96 61 23424
96 66 25344
96 71 27264
96 76 29184
96 81 31104
96 86 33024
96 91 34944
96 96 36864
